1455 0 1455 0 1050 0
1455 0 1455 0 1050 0
1455 0 1455 0 1050 0
1455 0 1455 0 1050 0
1455 0 1455 0 1050 0
1455 9.68802692752 1455 12.8201745784 1650 264.251369826
1455 9.67079672953 1455 12.8119923733 1575.00199262 264.251290121
1455 9.6922689343 1455 12.8095214227 1574.74237227 264.26159523
1455 9.69812033208 1455 12.8082450557 1575.86510263 264.226991125
1455 9.68632717401 1455 12.8138811764 1574.64858477 264.241047734
1455 9.69153227841 1455 12.8038620355 1574.48892844 264.261490597
1455 9.68659606081 1455 12.8128295187 1575.26795267 264.25077249
1455 9.69754049215 1455 12.8079924259 1576.12868411 264.205625125
1455 9.68345164091 1455 12.8084921687 1574.31537184 264.233010252
1455 9.72285635529 1455 12.8145517372 1575.20584532 264.224776439
1455 9.68549875328 1455 12.8073202392 1573.96563415 264.266151073
1455 9.68579445029 1455 12.8172678286 1575.11271578 264.261642442
1455 9.68474323926 1455 12.8003836595 1575.58969663 264.238054576
1455 9.68706032448 1455 12.8062342542 1574.72113115 264.24920933
1455 9.70020207538 1455 12.8224964644 1575.77134927 264.218355359
1455 9.70828910852 1455 12.8244657818 1574.21098935 264.249915785
1455 9.70702230527 1455 12.7860974944 1575.42934429 264.232742014
1455 9.70578833919 1455 12.7968915837 1574.72245978 264.243843623
1455 9.71487506542 1455 12.8111992438 1575.13322442 264.238514646
1455 9.66825721414 1455 12.8251284574 1575.09076711 264.234883961
1455 9.69359314897 1455 12.8165196641 1575.59089827 264.211248031
1455 9.67398994255 1455 12.8390233396 1574.56850618 264.228507784
1455 9.67473246961 1455 12.8092658165 1574.29778411 264.256596419
1455 9.62069778795 1455 12.7843028956 1573.10396099 264.33243798
1455 9.71287072706 1455 12.7787361679 1577.92187791 264.215562864
1455 9.68855874353 1455 12.7879240289 1574.26729397 264.244871105
1455 9.6566311215 1455 12.7932336113 1574.17706466 264.277788518
1455 9.61360596737 1455 12.7885619803 1574.59589169 264.293952851
1455 9.51590236478 1455 12.8080607562 1573.28480333 264.362560718
1455 9.56456952177 1455 12.7818531545 1576.39116939 264.306913942
1455 9.3438427554 1455 12.8418679778 1569.34230267 264.533221835
1455 9.56684937429 1455 12.8035045131 1577.03862037 264.451677021
1455 9.48659867589 1455 12.7380333302 1577.61507436 264.347074046
1455 9.43672838058 1455 12.7661645357 1573.76815699 264.396347767
1455 9.4001327021 1455 12.7818134835 1574.35297177 264.422228896
1455 9.29954108605 1455 12.981386904 1573.61487039 264.47763408
1455 9.22296317515 1455 12.8474547487 1574.97278536 264.478722666
1455 9.25502732615 1455 12.9643172274 1579.58636045 264.295268248
1455 9.11371312876 1455 12.9165149354 1569.2364523 264.525810156
1455 8.96662902658 1455 12.926629661 1573.06159021 264.603346548
1455 9.07120654196 1455 12.991025146 1579.50484302 264.423152827
1455 8.91319297176 1455 13.0314112072 1571.39325477 264.567422636
1455 8.85443076798 1455 13.0132977129 1574.7745602 264.576440228
1455 8.80297489065 1455 13.0498548332 1573.35874165 264.642090562
1455 8.72536970153 1455 13.0776354847 1574.51690284 264.661414448
1455 8.70729784964 1455 13.095164636 1575.46528449 264.642803069
1455 8.67842299423 1455 13.1247024995 1574.11639671 264.6781472
1455 8.63830656136 1455 13.1205950977 1573.69712194 264.730262323
1455 8.63438285777 1455 13.1826128392 1575.63221133 264.70497387
1455 8.59037040348 1455 13.1971234374 1574.51006107 264.724571427
1455 8.53363191171 1455 13.2359857281 1575.30001936 264.712570652
1455 8.44889907825 1455 13.3039895253 1575.4022198 264.69648186
1455 8.24634417611 1455 13.2483587923 1575.32375781 264.683531548
1455 8.03088574791 1455 12.979628942 1580.11966649 264.478744889
1455 8.4450313713 1455 13.3451460272 1567.27993791 264.787547372
1455 7.91308107251 1455 13.137258837 1579.29218008 264.615860169
1455 8.2281296325 1455 13.2234269875 1571.95946702 264.737481488
1455 8.20868971315 1455 13.2627179884 1574.23535884 264.768067135
1455 8.47013037577 1455 13.1939800052 1571.03676229 264.926596643
1455 8.41647557226 1455 13.3085480131 1576.26550223 264.875976554
1455 8.38803913436 1455 13.3169445743 1576.17291647 264.829059895
1455 8.45478985992 1455 13.3237963056 1574.79683616 264.837186448
1455 8.18810438302 1455 13.2814198333 1574.88103779 264.841944937
1455 8.214135958 1455 13.2753390641 1575.03254364 264.840643191
1455 8.22955432744 1455 13.2848192843 1575.70080649 264.812610931
1455 8.20540359181 1455 13.340069136 1574.77638695 264.821555453
1455 8.14697987535 1455 13.3427243978 1574.73981231 264.831962961
1455 8.20513604865 1455 13.4075317778 1572.76065124 264.921536911
1455 8.06849743348 1455 13.407339205 1573.21267058 264.993030088
1455 8.15916184358 1455 13.3268439733 1576.6850968 264.925626216
1455 8.11838227469 1455 13.3534070039 1576.57208198 264.862742937
1455 8.16324811559 1455 13.3269688037 1573.15588269 264.936507629
1455 8.18945434594 1455 13.344014689 1574.65774742 264.950197733
1455 8.19299331754 1455 13.3416652439 1574.47223713 264.971308248
1455 8.10360602725 1455 13.3517069433 1576.65997405 264.904909286
1455 8.14476754465 1455 13.288988605 1570.51375557 265.084359063
1455 8.08916933696 1455 13.3381792278 1575.92567245 265.047332165
1455 8.0879803162 1455 13.3342229695 1574.75065392 265.057306008
1455 8.08886720861 1455 13.3313036271 1573.76894899 265.106548048
1455 8.00070912661 1455 13.2982222175 1573.98654933 265.147086075
1455 8.07468710573 1455 13.2990395152 1572.35746547 265.252787456
1455 7.99721265605 1455 13.2339321588 1573.39812159 265.316862593
1455 8.04088712306 1455 13.1621753214 1571.88903898 265.441301034
1455 8.10022451561 1455 13.259621565 1573.12475329 265.516310902
1455 8.05448508427 1455 13.1707088074 1573.62048962 265.571491317
1455 7.93207634185 1455 13.1900433919 1575.39404492 265.555729521
1455 7.89888046386 1455 13.2285520025 1567.35132004 265.861676719
1455 8.10978270577 1455 13.169112552 1572.88334845 265.946342781
1455 7.83216999169 1455 13.1966814877 1575.78167451 265.915075801
1455 7.80973001415 1455 13.156509331 1568.1723813 266.188180549
1455 7.73531274374 1455 13.141914136 1570.24379064 266.378428923
1455 7.7835635079 1455 13.0757342792 1570.92499094 266.541429285
1455 7.76025770067 1455 13.04767084 1571.71745617 266.672731039
1455 7.72268224954 1455 13.0713523957 1572.63189697 266.76745516
1455 7.32954099923 1455 13.0009488031 1572.90649515 266.851195354
1455 7.55661189014 1455 13.0326987973 1567.9552701 267.13298455
1455 7.49738868246 1455 12.9744955217 1567.17934161 267.445810886
1455 7.55808300902 1455 12.9339479218 1571.96637707 267.567155803
1455 7.55009607058 1455 12.9191218405 1569.652025 267.781074803
1455 7.44558182976 1455 12.8155912747 1569.38602202 268.005633922
1455 7.29657442719 1455 12.8901728237 1571.02224519 268.164744114
1455 7.24926120674 1455 12.8259046081 1571.14267788 268.319036999
1455 6.64215077522 1455 12.6669657806 1572.51027426 268.418626029
1455 7.03747996765 1455 12.7631988523 1564.90162499 268.822561029
1455 7.00271782122 1455 12.7160249696 1569.2956005 269.050737009
1455 6.9107659 1455 12.7523615022 1575.62776571 269.025626381
1455 6.98552519569 1455 12.696429637 1563.35154515 269.491564575
1455 6.89434176801 1455 12.6306006295 1574.79667529 269.499697563
1455 6.5497943563 1455 12.4732730866 1567.36458149 269.805114304
1455 6.4918348551 1455 12.4088349391 1571.88016386 269.929907749
1455 6.44226804051 1455 12.3500355725 1564.23062282 270.360682837
1455 6.61217444744 1455 12.2857351782 1564.32080085 270.787850803
1455 6.61453507071 1455 12.3191899085 1574.85881318 270.793498275
1455 6.34044899014 1455 12.1496804309 1556.68583765 271.526064769
1455 6.3103324056 1455 12.090493913 1572.34200463 271.632384584
1455 6.01671632712 1455 12.0070644415 1562.16970788 272.145596269
1455 5.77894808873 1455 11.8626099487 1565.56647716 272.522937182
1455 5.77004751423 1455 11.8213320793 1568.59169843 272.779269245
1455 5.55639079034 1455 11.6508534494 1564.90022376 273.183260295
1455 5.38846606209 1455 11.5912983836 1559.01122683 273.822811221
1455 4.9682235806 1455 11.4474104633 1567.0687509 274.140061186
1455 4.82856699427 1455 11.4038761568 1558.71593507 274.791423783
1455 4.59540637725 1455 11.2968080742 1564.66643612 275.204766338
1455 4.33482568317 1455 11.0887416792 1556.20274413 275.956656573
1455 4.03357278757 1455 10.9832511476 1563.15043447 276.430639194
1455 3.58632335515 1455 10.8063858187 1565.0879692 276.827120426
1455 3.21534290181 1455 10.4598478114 1541.44162754 278.169455324
1455 2.75526444961 1455 10.0365633083 1555.00413034 278.969290111
1455 1.8594245948 1455 9.46499765587 1549.19280281 280.001577999
1455 0.779118106642 1455 8.72647760502 1532.98308388 281.682254643
1455 0.779118106642 1455 8.72647760502 1575.0 281.682254643
1455 -1.79757327267 1455 6.86159917561 1500 285.362678293
1455 -2.55056857085 1455 6.04309475186 1518.51866109 287.621931849
1455 -4.93614827513 1455 4.25496572108 1500 291.400274861
1455 -4.93614827513 1455 4.25496572108 1575.0 291.400274861
1455 -8.12996528249 1455 1.46995196288 1500 298.186264847
1455 -10.4062111451 1455 -0.763929260645 1500 304.358780268
1455 -12.9159650449 1455 -2.65538206248 1500 308.743343192
1455 -14.9691982851 1455 -4.59121977098 1500 313.572016879
1455 -19.0390902849 1455 -7.92706704608 1500 321.256083783
1455 -21.4972586828 1455 -10.2515133831 1500 327.01700195
1455 -25.9922351025 1455 -14.158657484 1500 336.157167408
1455 -27.4933514124 1455 -15.633458594 1500 339.364508875
1455 -34.0649992892 1455 -21.5860998496 1500 352.584065767
1455 -37.6808336001 1455 -24.7764690113 1500 359.502460249
1455 -41.7870438083 1455 -28.1485471041 1500 366.632804154
1455 -45.4287942506 1455 -31.5524406499 1500 374.358165476
1455 -51.5971035327 1455 -37.1530281745 1500 385.918926378
1455 -55.729648914 1455 -40.8220330898 1500 394.273199219
1455 -61.8466471536 1455 -46.4931731169 1500 406.912909643
1455 -66.7910678459 1455 -50.50378088 1500 415.406011187
1455 -73.627720275 1455 -56.826269845 1500 428.525600059
1455 -78.2941356613 1455 -61.3483275148 1500 437.651885056
1455 -83.2382362794 1455 -65.9735950475 1500 446.845156362
1455 -90.047198946 1455 -72.0068345586 1500 461.041296073
1455 -94.9598448285 1455 -76.542667424 1500 470.632619239
1455 -102.475818441 1455 -83.461557056 1500 485.238127665
1455 -107.467934711 1455 -88.1775929717 1500 495.043508119
1455 -112.725613094 1455 -93.1652638968 1498.78433272 504.86266911
1455 -120.216352451 1455 -99.9160804166 1494.89536423 520.418543065
1455 -125.823467269 1455 -104.781792534 1492.33526568 530.658937279
1455 -134.373624867 1455 -112.340641173 1488.52835767 545.886569321
1455 -139.75424164 1455 -117.063994582 1485.99218559 556.03125763
1455 -148.201860778 1455 -124.442545946 1482.22757168 571.089713291
1455 -154.092467159 1455 -129.678123619 1479.688001 581.247995995
1455 -159.828313652 1455 -134.709173718 1477.1543624 591.38255042
1410.83418035 -167.447775012 1493.57667399 -141.641361615 1473.28213842 606.871446316
1414.56393788 -173.228490436 1488.84200968 -146.394495743 1470.81881691 616.724732368
1413.22947483 -179.185566513 1490.20614974 -151.393354377 1468.37565701 626.497371952
1400.6728109 -189.543813352 1498.98562021 -159.422266472 1464.82175623 640.712975075
1409.52944529 -195.973618147 1492.80608469 -164.66481165 1462.49640927 650.014362931
1403.58342813 -204.283251789 1497.70959988 -171.460992077 1458.94187604 664.232495836
1408.04150452 -210.440235831 1493.90510332 -176.436823967 1456.62607924 673.495683043
1397.62455171 -220.179636931 1501.23704714 -183.897776248 1453.24828799 687.006848053
1403.72970946 -227.063918062 1495.94326877 -188.938758259 1451.07000436 695.719982577
1403.40014993 -233.682884992 1496.75307216 -193.999987851 1448.89297656 704.428093765
1394.83584888 -243.159005132 1503.87853765 -201.463587652 1445.67759032 717.289638714
1408.88192227 -246.79833606 1491.84105907 -203.962274794 1444.58067902 721.677283927
1417.98024959 -246.79833606 1485.59434122 -203.962274794 1519.58067902 721.677283927
1417.98024959 -246.79833606 1485.59434122 -203.962274794 1519.58067902 721.677283927
1341.75380653 -275.563031553 1539.59816321 -224.341075546 1436.56463132 753.741474723
1394.43113298 -282.821300341 1501.57068298 -229.216366733 1434.56098985 761.75604062
1382.98569598 -293.987756554 1508.41630367 -236.398951132 1431.76502258 772.939909682
1391.88753375 -301.162965144 1502.59003379 -240.976381744 1429.94846934 780.206122641
1380.44182775 -312.251164193 1510.70307847 -248.356238803 1427.37083476 790.516660976
1388.33495242 -319.73319172 1505.01771913 -253.172949486 1425.67275185 797.308992592
1376.44712005 -331.277682734 1510.51569057 -259.791722373 1423.28831853 806.846725874
1385.112634 -338.898706729 1507.69934169 -264.973074576 1421.75542177 812.978312937
1383.7386392 -346.606840613 1506.83556596 -269.535189586 1420.28638198 818.854472083
1371.86343637 -358.359873646 1513.64137218 -276.407300431 1418.22529512 827.098819524
1380.34123535 -366.24847123 1508.37532588 -280.903236587 1416.91723368 832.331065294
1379.11371693 -374.153758922 1509.48062589 -285.561780135 1415.64459857 837.421605705
1367.82712758 -385.870667822 1513.58800285 -291.506586107 1413.9001918 844.399232782
1375.62655177 -393.981176521 1511.31205972 -296.256047166 1412.7404134 849.038346412
1361.5442428 -406.946678682 1518.68452008 -303.518731319 1411.19651625 855.213935007
1374.12401349 -414.431201214 1510.07278164 -307.120607522 1410.16736934 859.330522655
1357.78123905 -427.65915622 1520.63755866 -314.505312252 1408.75936422 864.962543127
1379.87274575 -431.801941434 1507.87098701 -316.654440618 1438.43527044 866.757556742
1379.03875733 -436.024941984 1508.12973492 -318.779560929 1437.85563604 868.557753762
1334.70443871 -456.738836319 1529.51750923 -328.855249643 1405.80846429 876.76614283
1364.23569821 -465.136374563 1515.1061387 -332.922363325 1405.05093998 879.796240064
1349.20635137 -478.730032089 1522.58276643 -339.580631978 1403.96291963 884.148321498
1373.01627463 -482.5693606 1511.33347049 -341.617000166 1435.36505962 885.874969419
1346.8973566 -496.047564114 1523.25012971 -348.034954766 1402.5052137 889.979145202
1380.59286538 -496.047564114 1507.20524321 -348.034954766 1477.5052137 889.979145202
1369.79205828 -500.130740801 1512.50844776 -350.036164028 1441.41480727 891.408468229
1380.0 -500.130740801 1507.5054246 -350.036164028 1477.14788294 891.408468229
1305 -532.250417558 1546.81278806 -364.869131372 1400.02843166 899.886273341
1380.0 -532.250417558 1509.73036971 -364.869131372 1475.02843166 899.886273341
1324.23492197 -554.556448769 1535.46829898 -374.581557512 1398.56956767 905.721729324
1380.0 -554.556448769 1511.18723363 -374.581557512 1473.56956767 905.721729324
1380.0 -554.556448769 1511.18723363 -374.581557512 1473.56956767 905.721729324
1305 -590.860391675 1551.58089667 -389.824449228 1396.54285295 913.828588203
1333.90521942 -609.298303908 1534.7443007 -397.85110331 1395.65445022 917.382199137
1356.87709459 -618.547466073 1525.55150466 -401.954438842 1425.73979601 919.160997323
1356.5823925 -627.914509074 1524.28126286 -405.346173571 1437.36421633 920.461810564
1357.38058728 -636.962274163 1525.12948983 -408.866008965 1433.61765357 921.898123189
1368.82919155 -641.430597544 1521.07890678 -410.658086486 1450.92444202 922.634797533
1380.0 -641.430597544 1516.59871297 -410.658086486 1469.34130062 922.634797533
1370.96039141 -645.046440982 1518.51485864 -411.381160323 1447.32377513 923.506778741
1308.48416628 -673.65277447 1547.50926622 -423.00459133 1393.10121062 927.595157522
1335.58179568 -691.420056197 1535.61742754 -429.482605986 1394.28691056 930.518496139
1348.98199228 -703.827259283 1530.83336213 -433.788632868 1410.00267732 932.790484204
1347.52745055 -716.816279065 1532.2748821 -438.394892175 1412.47638344 934.942008779
1359.94634931 -724.837739341 1527.42475232 -440.910182171 1430.55521029 936.356237987
1359.33206591 -733.104912975 1527.95113205 -443.481731123 1435.02107109 937.579599152
1347.21082688 -746.220582223 1533.79451471 -448.112770761 1419.9373669 939.388222253
1360.65902044 -753.956974048 1528.12476569 -450.342148148 1428.83628488 940.8265058
1369.60474147 -758.115077461 1527.30395501 -452.135594482 1441.3398609 941.755357786
1350.00330286 -770.113756318 1532.21991363 -455.682603711 1413.61860625 943.77288469
1352.19750095 -781.234755937 1530.39320987 -458.339516658 1417.33780923 945.623140911
1353.73011624 -791.742709442 1530.73021812 -460.97321123 1416.0351323 947.50666893
1370.7492553 -795.443007324 1526.73415752 -461.949881355 1445.56387465 948.202093013
1352.10169315 -806.602330064 1532.26213706 -464.957298283 1413.53798086 950.15898394
1353.19657869 -817.323698587 1531.1388209 -467.370591174 1416.90077 951.963319941
1362.07009147 -824.495661998 1529.48696996 -469.0239426 1423.03758742 953.506748954
1362.01429353 -831.689944585 1529.78074568 -470.69456686 1423.72476682 955.007681467
1361.11659479 -839.243306669 1530.63369032 -472.592493386 1424.85474789 956.449001536
1353.89499181 -849.685309943 1532.10302394 -474.937455626 1403.06932749 958.738840036
1363.71111105 -856.200865523 1529.88893089 -476.314177343 1422.27148149 960.245525521
1354.90439153 -866.239108912 1530.68476752 -477.913287125 1410.21045003 962.21495794
1356.06314288 -875.81385176 1530.3739766 -479.304601666 1415.38870119 963.959811775
1364.72776271 -881.922746677 1529.60486012 -480.32692992 1427.99652196 965.188070195
1364.83184676 -887.990007975 1528.94470192 -481.042274232 1428.00949704 966.403653776
1357.50360308 -896.988566741 1530.46600665 -482.291204615 1412.72390836 968.212571724
1365.12663526 -902.937912637 1529.1603442 -482.976738014 1429.75599993 969.329041313
1371.06882592 -906.51038227 1528.95968696 -483.547747923 1450.60762616 969.608649769
1352.06938409 -917.682628633 1529.28840101 -484.210479556 1403.23535115 971.761619528
1365.57538734 -923.452473698 1528.80152009 -484.651969427 1427.47937783 972.933113282
1361.10204282 -931.011656568 1528.20035686 -484.841615256 1412.88932629 974.670831911
1380.0 -931.011656568 1527.72624229 -484.841615256 1456.33229202 974.670831911
1361.22139552 -938.52309836 1527.58453851 -484.788142134 1418.10435083 976.18480978
1366.83396405 -943.789512739 1526.56987583 -484.354804214 1437.91295523 976.899298585
1357.81101394 -952.665107164 1525.79806125 -483.65474407 1404.48661081 978.930528864
1361.3901908 -960.109030846 1525.55210986 -482.901498125 1423.60967515 980.184298869
1380.0 -960.109030846 1527.43522472 -482.901498125 1454.95392528 980.184298869
1365.09975432 -966.069129117 1524.42056959 -481.763892414 1422.5426322 981.467914437
1360.40952083 -973.905320786 1522.41222814 -479.932814783 1411.73065734 983.167017964
1371.71811406 -977.218075161 1525.343247 -479.31142791 1426.66917649 984.257674163
1366.55448348 -982.59628177 1522.52019318 -477.65991055 1421.7458844 985.53251365
1380.0 -982.59628177 1526.64898658 -477.65991055 1453.61687159 985.53251365
1364.1652737 -988.93017229 1519.64802086 -475.018036691 1412.60041437 987.156927797
1368.13207238 -993.67734334 1520.85491884 -472.981136063 1421.5253137 988.411797276
1370.46984903 -997.489403729 1519.30017682 -470.472836594 1420.19721798 989.706840156
1380.0 -997.489403729 1525.57092549 -470.472836594 1452.57328996 989.706840156
1370.23763913 -1001.39434808 1516.16679236 -466.92410711 1410.38665454 991.377597994
1372.8986493 -1004.23488836 1517.37633628 -464.032680776 1423.21536453 992.523745954
1376.71437855 -1005.54913694 1518.58046294 -461.759307503 1426.82147047 993.515729836
1374.41693227 -1007.78236403 1514.99390319 -458.261196961 1428.06249586 994.448742576
1377.497516 -1008.78335763 1517.18177395 -455.786704283 1426.01515118 995.453600524
1377.11241472 -1009.93839174 1517.03978581 -453.398696799 1428.77515736 996.339202207
1377.85398037 -1010.79679959 1512.05700304 -449.265564167 1415.41885622 997.744997978
1379.12065113 -1011.14853914 1514.88888952 -446.435018845 1422.63929533 998.850916995
1379.81672931 -1011.22184741 1509.69923451 -441.806332688 1410.2734502 1000.43562276
1380.11904273 -1011.17423032 1512.85683023 -438.631193188 1422.66932879 1001.51371248
1381.918247 -1010.40693152 1511.77584784 -435.227860683 1424.56197723 1002.50617168
1382.06588253 -1009.58057851 1511.00855223 -431.727624127 1426.09984951 1003.42789871
1383.83872003 -1008.04509049 1504.77756452 -426.074198051 1425.7274422 1004.35524854
1384.24335036 -1005.59733028 1508.68145795 -420.153322384 1434.5383758 1004.92446882
1386.97516134 -1003.55768581 1502.21738295 -416.132922395 1435.38095945 1005.4546836
1385.60653449 -1001.31507201 1505.852977 -411.768031314 1436.89381408 1005.9197337
1390.33468433 -997.181198281 1498.67517541 -404.941605169 1429.16747858 1006.68617283
1388.32708859 -993.850362846 1502.87691938 -400.087144267 1437.47044868 1007.11619295
1391.6859457 -989.175984565 1495.52397283 -392.732767356 1421.3439682 1008.18062795
1390.90150609 -984.81538213 1499.21750867 -387.18846304 1425.81704002 1009.05737262
1389.52031074 -981.007257834 1499.79683612 -382.176601402 1419.72863899 1010.16656145
1396.67069886 -974.338978291 1489.56750795 -373.588306208 1409.11209347 1011.68522545
1392.21511922 -969.452930604 1496.80848413 -368.218584775 1422.00156997 1012.67837886
1399.6707284 -961.584639244 1485.95623652 -359.05762206 1411.07351211 1014.09449345
1394.17068462 -955.916365396 1491.34027347 -352.446916461 1423.53800223 1015.00294392
1394.83017877 -949.984293888 1490.58473805 -345.92529404 1428.88489161 1015.69064183
1403.89821801 -940.425006683 1480.80846433 -336.083660162 1417.63753361 1016.81697078
1397.74680149 -933.326286087 1486.77489961 -329.05058491 1424.50458923 1017.66018536
1406.30550035 -922.804085947 1476.28873068 -318.45856338 1415.24338104 1018.8618318
1398.65237683 -915.343135217 1482.78568717 -310.917771934 1428.21391146 1019.53789638
1399.23368844 -907.649659841 1481.56790445 -303.344277089 1425.50827373 1020.31442122
1409.94880542 -895.670137673 1469.16026056 -291.517340861 1416.71076786 1021.43167376
1401.76882251 -886.962608669 1476.6520817 -283.18695617 1417.94721103 1022.48889636
1401.2037469 -878.481109911 1476.15593933 -275.140879151 1424.43870697 1023.27856246
1413.33566847 -865.146842523 1462.68685868 -262.467568512 1417.63528212 1024.32985264
1403.35901633 -855.803235991 1470.984644 -253.642854821 1427.31027129 1024.98756613
1415.88850928 -841.447832277 1457.20873737 -240.119197895 1406.12322929 1026.47785838
1404.88071255 -831.495547256 1467.20337666 -231.132592981 1417.08937684 1027.51909238
1418.20829478 -816.212229346 1452.3538512 -217.051069304 1415.71015212 1028.6046399
1406.31811866 -805.684981881 1462.13334524 -207.456988112 1424.38225993 1029.3359896
1405.90693701 -795.322207076 1460.15221572 -197.658372076 1421.84500902 1030.16058341
1421.23702063 -778.827398824 1445.22222119 -182.780434483 1419.9524636 1031.05196521
1407.96479952 -767.641479016 1455.9803474 -172.804314569 1421.50596654 1031.87299658
1411.53494209 -755.027502181 1450.57322241 -161.352456163 1419.73340069 1032.75609956
1423.4381079 -737.652259021 1437.00324356 -145.428069421 1415.92202424 1033.78140455
1408.40720557 -726.289376794 1449.09802828 -134.969132766 1426.16615475 1034.39084986
1412.025214 -713.479291196 1446.12380864 -123.979864361 1421.16772866 1035.19221853
1425.72516894 -695.18922362 1429.30947751 -107.2675994 1412.27545188 1036.33782223
1411.6354972 -682.535024738 1441.19415681 -95.9860963453 1424.09168361 1037.00411375
1427.05549428 -663.712827027 1424.26673078 -78.955460996 1414.28899441 1038.05203363
1411.04163919 -651.29617135 1436.6460448 -67.5602631298 1424.70539561 1038.67704734
1429.9837922 -631.302654471 1418.46995134 -49.9511732691 1416.25331337 1039.63060871
1413.70019945 -617.822574692 1429.83048273 -37.6258173234 1423.21243631 1040.29912006
1413.13014361 -604.570517246 1428.73685977 -25.5854351228 1422.8930914 1040.97365981
1432.23229844 -583.677597869 1410.01676514 -7.16239733878 1420.4382298 1041.73874318
1414.09163598 -570.040943477 1423.03714153 5.3044774033 1426.92563866 1042.23932439
1414.77162166 -556.132294815 1420.90351554 17.870821875 1422.13463569 1042.92469204
1431.26472951 -535.62640301 1402.95663209 36.4982726796 1418.66721092 1043.74059763
1417.19760099 -520.747362614 1414.46913879 49.7269973237 1428.01894128 1044.17805939
1434.84981499 -498.874940207 1396.06192607 69.1530442409 1416.4815558 1045.06811599
1419.10771968 -484.180992769 1408.99168996 82.6003474118 1422.17638705 1045.72382229
1442.04373502 -461.663678078 1389.63963642 102.589144191 1419.87434742 1046.46420633
1425.16485355 -446.790317601 1403.71196023 116.136188774 1425.47831836 1046.97532039
1448.0160349 -424.135758152 1383.35547943 136.598110378 1416.03126437 1047.85551467
1431.7017215 -408.919876935 1397.80176978 150.450379683 1423.41372916 1048.43461931
1434.97862652 -393.328704082 1395.51825384 164.380262404 1424.9446491 1048.94735975
1457.74821537 -370.027752767 1374.85856229 185.317771217 1414.67139202 1049.86188521
1441.50413531 -354.175564758 1389.64772259 199.489322813 1429.53744235 1050.17860151
1444.5053 -338.088155433 1387.16993803 213.793724152 1423.62537733 1050.72632318
1468.29984953 -313.932278887 1365.10455083 235.615003604 1421.29843906 1051.36077784
1449.74773931 -298.144512417 1381.03082936 250.191199867 1425.30933733 1051.83010331
1478.71768744 -272.318337208 1358.71610614 272.362978691 1418.20690994 1052.57606625
1456.87572492 -256.196270981 1374.66555729 287.261090355 1433.11489551 1052.72422815
1481.32784171 -231.759560658 1353.47715821 309.311534972 1425.69326601 1053.16484902
1465.15187423 -214.810199025 1368.25953965 324.53558407 1429.52447208 1053.44937637
1468.00483132 -197.743647638 1366.1631489 339.688985386 1432.30364071 1053.62102054
1470.97190337 -180.523477633 1363.46626759 355.002338065 1435.41017045 1053.66793438
1473.05732846 -163.491081367 1360.50849193 370.565038955 1429.23153883 1053.959082
1510.74558674 -128.362755094 1319.73537156 401.76418957 1426.21024903 1054.36700202
1480.97635046 -111.294542368 1353.16632101 417.450623741 1433.13435439 1054.49666124
1485.09533153 -93.6381224126 1350.41563519 433.287141193 1429.63298681 1054.76370472
1510.8449887 -67.2642706927 1327.08542991 457.031103046 1427.50502212 1055.11238003
1492.12696205 -49.4466847873 1344.20677167 472.970183374 1434.02922036 1055.19921903
1518.18441611 -22.8046399455 1320.68532593 496.883068868 1435.56396492 1055.22441627
1500.49028581 -4.34766568116 1339.07535373 513.252927377 1426.8510352 1055.59443055
1501.31944438 13.3774642164 1339.25145783 529.552344243 1429.8959867 1055.84018919
1505.30976176 31.6050650205 1338.99673383 545.953650711 1428.16909416 1056.15190636
1484.11658749 40.8034905819 1359.93990777 553.977687602 1435.84453325 1056.15655944
1541.65806131 77.7204087142 1305 586.734452647 1427.73257052 1056.4824323
1514.79348705 95.8847203143 1338.35594704 603.392073832 1430.94573678 1056.67782458
1541.4807617 123.091533013 1317.68490745 628.318110852 1430.5403316 1056.88733793
1522.32391302 141.529337944 1337.94599257 645.139713825 1430.69693259 1057.08857488
1550.23532804 169.456102982 1316.75283579 670.438579508 1427.84315978 1057.40084009
1530.26818775 188.267337811 1337.81473411 687.312685865 1430.85209238 1057.59084792
1532.81666178 206.975474078 1337.47727583 704.321775531 1432.27618529 1057.72257476
1560.08144042 234.913254951 1316.6110957 729.677337253 1433.18774936 1057.81689582
1540.18612548 253.761985984 1337.23887501 746.781787248 1432.60958001 1057.93318082
1516.79281511 262.716143422 1358.48205499 755.388965252 1430.45854664 1058.13350391
1574.96781809 299.785453929 1305 789.608360867 1424.21669089 1058.57904582
1573.08169583 327.375596472 1315.87911132 815.256716341 1424.29376004 1059.01712417
1553.57388013 346.042592949 1337.38791105 832.301551923 1427.64402777 1059.31818125
1580.92789633 373.975237246 1315.63005909 858.049528288 1424.43644217 1059.74329066
1559.8293553 392.365074875 1336.8325849 875.316494326 1424.40392556 1060.16547885
1563.05233181 410.930195848 1337.01685003 892.509754316 1421.93520637 1060.68125801
1589.38822079 438.382532231 1315.91845617 918.142371849 1418.58614333 1061.32456661
1569.1949431 456.660857991 1337.16485367 935.276430381 1420.18172851 1061.89831433
1596.82989274 484.332844421 1315.96047391 960.892240815 1420.15300129 1062.46751909
1574.66697823 502.199635714 1337.63904281 977.83662369 1428.32893552 1062.70728878
1530.0 502.199635714 1380.0 977.83662369 1434.32317781 1062.70728878
1605 547.533944344 1305 1019.77524118 1408.17916462 1063.74269524
1574.66713315 565.400797606 1338.38333898 1036.42190559 1430.11067956 1063.89927531
1596.35798591 591.943991971 1317.64948851 1061.36211019 1427.36172335 1064.16317463
1574.37408265 609.693625031 1339.07727048 1077.73120199 1426.31364552 1064.46596911
1573.97030738 627.281747983 1339.17652541 1094.06059183 1430.27716769 1064.60879446
1595.54489538 653.499706135 1319.14207182 1118.4037631 1431.68307547 1064.69452618
1573.56158146 670.924338721 1339.99909864 1134.40412365 1434.83389052 1064.65462432
1594.32965895 696.656202299 1320.75101884 1158.10371611 1441.90744387 1064.33497679
1572.6322712 713.70911078 1340.34726614 1173.96480966 1434.13251795 1064.32641196
1551.0336589 722.12257434 1360.54806846 1181.74558227 1434.12003729 1064.3184262
1605 755.82730225 1305 1212.75549406 1448.00030128 1063.76080609
1572.54723913 772.846197902 1340.74869896 1228.45601448 1441.20146161 1063.47796795
1591.82106866 797.574625366 1323.53240337 1251.04305313 1451.11154954 1062.80545145
1570.90580823 813.936948659 1342.07345682 1266.2136704 1446.86614546 1062.30772835
1591.27442889 838.446720215 1323.9754321 1288.62349756 1455.57614315 1061.46998279
1570.57063318 854.674973487 1343.34654192 1303.28488079 1446.85544686 1060.98590586
1570.62254648 870.923992079 1343.21113675 1318.00042609 1445.96110058 1060.54204142
1589.34476838 894.661899432 1325.43891083 1339.82486176 1452.43238833 1059.84628306
1569.66953259 910.52971247 1344.12603298 1354.17444857 1451.539091 1059.1927915
1588.41019457 933.893790296 1326.81185022 1375.44970848 1459.52608213 1058.22945368
1568.75289631 949.394948822 1344.75541855 1389.54754106 1446.67308613 1057.7846834
1568.82045278 964.923129933 1344.86194768 1403.60276199 1454.73206967 1057.02514912
1587.38663765 987.877784994 1327.39983297 1424.6428288 1454.34976204 1056.28827588
1567.18689991 1002.75254496 1346.11772675 1438.1957381 1460.21518536 1055.32640443
1585.68090544 1025.02490713 1328.61984781 1458.74779898 1462.66099449 1054.27719272
1566.76960887 1039.73275068 1346.22443059 1472.25802674 1452.69551262 1053.6330418
1548.85582197 1047.27507947 1363.16574541 1478.99172858 1446.41497157 1053.2440029
1601.54652632 1075.89369 1314.35720544 1505.24884641 1472.82696925 1051.81279617
1566.23151724 1090.38629689 1346.88257859 1518.49581497 1451.94974076 1051.22258074
1564.84019745 1104.32237587 1347.45075483 1531.51551304 1455.68050519 1050.49045597
1582.84272209 1125.4594647 1331.10695039 1551.07273288 1462.36449468 1049.50086751
1566.35826045 1140.00276888 1348.65194004 1563.61195686 1446.15130466 1049.16318348
1579.77051476 1159.91097479 1332.6354527 1582.55777578 1470.15007504 1047.87839652
1563.2086961 1173.19445323 1348.41361479 1595.19232987 1460.49193777 1046.9888307
1563.19806672 1186.47367992 1349.04198796 1607.57553468 1459.89382775 1046.13175999
1580.24003906 1206.56969554 1333.7721012 1626.0666942 1461.34802123 1045.22558331
1562.11950885 1219.41749908 1349.49172501 1638.2700042 1465.60794854 1044.15966868
1579.42599332 1239.18789641 1334.74937561 1656.37025396 1459.20930009 1043.35771948
1561.51957463 1251.79572626 1350.00562859 1668.36800252 1460.58066409 1042.50939893
1561.67709319 1264.46656354 1350.808457 1680.04461972 1455.98456005 1041.85150151
1576.99730304 1283.26548476 1336.72882684 1697.35308899 1458.77935173 1041.08943311
1560.73077542 1295.55779493 1352.24980439 1708.45316723 1452.59520972 1040.57982646
1575.97912103 1313.94944334 1339.45331917 1724.67183956 1453.32840873 1040.04622783
1560.10702881 1325.99225486 1353.43992362 1735.29587011 1454.77090169 1039.46078392
1575.16431627 1344.05798137 1341.82062715 1750.56761925 1451.69242275 1039.00305645
1558.33152744 1355.39059235 1355.80000436 1760.24761751 1457.23038115 1038.33053584
1558.68418816 1366.86426761 1355.64051763 1769.99141046 1454.08540519 1037.78922736
1572.30148189 1383.78486036 1345.62131709 1783.74288362 1458.68038762 1037.07129887
1557.15149913 1394.64546001 1358.59133765 1792.30634856 1456.67758906 1036.43979733
1570.08859092 1410.68089638 1349.44306264 1804.52912351 1451.17017619 1036.03266365
1555.35575675 1420.82319908 1361.28045581 1812.01694118 1455.08559623 1035.47449485
1555.00044256 1430.8233761 1362.75334809 1818.91560195 1458.91034708 1034.7703772
1554.09121111 1440.45986055 1363.65849997 1825.45220196 1459.4282112 1034.05272153
1564.08132682 1454.09239128 1357.93995125 1834.27622146 1476.22561302 1032.67692774
1562.50204714 1467.09321013 1360.63192065 1842.0234532 1480.21742224 1031.1566642
1550.68579609 1475.36752857 1368.57747627 1846.59246269 1468.11767561 1030.13065067
1549.8228431 1483.29666581 1370.08354352 1850.55904529 1468.45233695 1029.10154178
1547.69807671 1490.37589649 1371.37991125 1854.00708079 1479.46639863 1027.64642162
1556.92337274 1501.14524559 1369.31680382 1858.28035926 1485.47861977 1025.96760082
1545.98457151 1507.53907419 1374.54918399 1860.46068566 1479.40607158 1024.54589896
1552.18442607 1516.41284462 1374.02116665 1862.852219 1501.74358042 1022.25361955
1543.29233547 1521.72977881 1377.79656976 1863.73359109 1479.22409078 1020.87589695
1547.46637415 1528.71632847 1379.34169701 1863.99691229 1498.21066892 1018.75987148
1539.73408905 1532.60996409 1380.35562118 1863.85466382 1479.24882039 1017.41576105
1541.96722509 1537.39685412 1383.73301919 1862.36145614 1491.97873412 1015.58080365
1536.36586789 1539.94320128 1384.33076992 1860.62914817 1477.88906331 1014.32202091
1534.3960169 1541.70160804 1385.31556518 1858.5029221 1475.72067745 1013.16157803
1534.69735874 1543.58055154 1390.29799819 1854.38372283 1491.26708571 1011.39692535
1531.82659655 1544.31119015 1388.13116433 1851.1312571 1467.61489045 1010.58646508
1530.05027978 1544.33130207 1389.5039493 1847.32967738 1482.24991199 1009.20442436
1527.43980173 1543.30722276 1396.16831174 1840.86235268 1489.40000246 1007.55289531
1526.29165754 1541.82388577 1392.20569347 1835.98007529 1480.63877955 1006.26469715
1524.84066605 1539.76015219 1392.73817473 1830.8848054 1477.02182535 1005.13249915
1518.9793715 1535.35190079 1402.39087604 1821.92845498 1495.40532817 1003.28345151
1521.52952399 1531.96371039 1396.19394458 1815.45087715 1471.13126402 1002.41406034
1511.63732692 1524.61864115 1405.84572103 1805.11258874 1496.47073745 1000.54973351
1516.7132782 1519.30395243 1398.81189426 1797.58783104 1476.21878789 999.505922766
1515.28376466 1513.4174583 1400.13876247 1789.53232605 1478.53697165 998.380637524
1503.73266668 1502.91052497 1411.92705353 1776.76150464 1499.05944244 996.453722601
1511.3029564 1495.43170753 1401.62406782 1768.11187751 1486.00732913 995.062801421
1497.98421774 1482.62539463 1415.77194922 1753.80309782 1505.3891934 992.918053154
1506.96608343 1473.411828 1404.81387558 1743.87754759 1480.00602008 991.799814209
1517.97796901 1468.6030156 1392.83563238 1738.74329464 1465.25596798 991.276807416
1504.29018558 1458.31908983 1406.63489156 1728.08933802 1491.15106388 989.733430555
1488.7588887 1441.82264531 1420.89841899 1711.72997042 1500.05402178 987.852742261
1530.0 1441.82264531 1380.0 1711.72997042 1453.03681443 987.852742261
1455 1404.65936158 1455 1676.25543068 1528.95847045 984.166118186
1495.98417323 1391.05303087 1411.22887394 1663.76388111 1481.26046515 983.08485107
1477.76196465 1370.15781673 1428.53015469 1644.35181923 1489.1537632 981.701683705
1491.45695207 1354.74059756 1413.63671003 1630.89713522 1478.74706445 980.744357551
1491.81475423 1339.46649925 1413.835243 1617.36303802 1472.13417546 980.058406468
1468.5003067 1314.86662193 1432.43655908 1596.38841439 1484.89265054 978.873960838
1467.48391802 1289.86018914 1434.05242145 1574.76744581 1476.95034335 978.015789212
1486.96926557 1272.64789537 1416.30523683 1560.24535107 1463.40615222 977.702517944
1485.53606196 1254.86232015 1417.87755214 1545.09433022 1473.38942391 976.996971275
1461.33839397 1227.39767774 1436.26528782 1522.58821509 1466.52552485 976.570247803
1482.58628973 1208.43219363 1419.12805107 1506.93699466 1462.51278232 976.306669812
1455.68208201 1178.70502643 1439.77612325 1483.02654536 1467.16924782 975.861287029
1480.11456538 1158.75085258 1420.43326915 1466.8532377 1460.13803365 975.698777904
1455 1127.79741448 1441.87461857 1442.10339028 1459.19342446 975.575288045
1477.34949053 1106.7372107 1422.11973362 1425.25549683 1460.71505829 975.392758132
1476.62480906 1085.38713432 1422.5566604 1408.23283267 1452.49695281 975.53750497
1455 1052.45448995 1444.43531084 1382.45870833 1452.77447287 975.669827777
1530.0 1052.45448995 1380.0 1382.45870833 1456.08254306 975.669827777
1455 995.902455059 1455 1338.52872692 1465.24712987 975.306873844
1500.55954839 984.126274415 1401.93492766 1329.75475585 1461.29236684 975.104137792
1472.05192758 960.947045448 1425.30773647 1311.63166127 1453.17220466 975.22499961
1455 913.08874913 1455 1275.4557492 1456.04835753 975.230757731
1468.24868407 888.388222757 1426.65076187 1256.79544445 1462.21095666 974.992395509
1468.1082481 863.631521996 1426.54184546 1238.17870627 1452.97002674 975.122370733
1466.6888513 838.307062517 1427.08839891 1219.3433467 1458.8220158 975.019297129
1455 800.119843219 1451.27506141 1190.83332214 1444.27195973 975.493483901
1455 760.702631181 1452.7076175 1161.75027514 1454.47754014 975.558794352
1464.13146864 734.355218638 1428.57122427 1142.32178543 1451.42173638 975.744480096
1496.65035282 721.015359765 1404.47497457 1132.5317956 1454.17180827 975.819413629
1455 666.907285157 1455 1092.98726717 1445.19597635 976.249083738
1461.21433359 639.393018592 1428.73467601 1073.49339676 1445.55753245 976.660180633
1460.80344853 611.714398002 1430.61772286 1053.24630762 1449.55492299 976.908894766
1455 569.215041456 1455 1023.04545443 1446.88510479 977.260881757
1455 526.683296556 1455 992.453004673 1443.19381732 977.755573331
1457.7235335 497.898782978 1431.22861603 971.961558262 1450.48423833 977.956637424
1451.40171676 468.357990268 1431.63849086 951.306161917 1452.24107276 978.086133182
1447.9739308 439.195813761 1431.45261008 930.725117885 1454.43800622 978.127339538
1439.15637387 394.375825809 1455 899.752127177 1455.53928879 978.124522758
1432.37392823 349.159521523 1455 868.662688043 1458.3683356 978.00969241
1427.82719811 318.847987407 1432.09215009 847.825828006 1456.90413736 977.953987045
1423.2437524 288.291682669 1432.47427701 826.836117204 1455.16929408 977.967539883
1416.25099196 241.673279704 1455 795.4015651 1460.41787188 977.773094068
1411.57551053 210.503403528 1432.62726176 774.350660394 1457.96211048 977.677831335
1406.90124446 179.341629745 1432.52257749 753.341629399 1455.76451202 977.6705454
1399.66589259 131.105950584 1455 721.473973913 1465.68912117 977.270277776
1394.87389081 99.1592720726 1432.63807271 700.418744829 1459.99031004 977.099668687
1387.5614678 50.4097853126 1455 668.516446906 1463.78157483 976.780599697
1382.67021852 17.8014568313 1432.72283634 647.42731237 1463.36472972 976.481198523
1377.80997965 -14.6001356682 1433.43502511 626.053302325 1461.9766377 976.239735659
1370.2225985 -65.1826766933 1455 594.08433849 1480.46278555 975.268538848
1365.22300111 -98.5133259537 1433.17051577 572.816132182 1469.5177127 974.74042608
1357.61622225 -149.225184975 1455 540.909668304 1482.88379421 973.688192388
1352.52567851 -183.162143239 1433.0509146 519.689302463 1473.89208287 973.002484231
1344.90275786 -233.981614256 1456.79661067 488.022595538 1487.83643941 971.771313519
1339.77247588 -268.183494162 1438.20133346 466.737794484 1489.628683 970.481352672
1334.56786769 -302.880882074 1440.96750799 445.613954046 1480.64968292 969.559767679
1329.35847979 -337.610134745 1444.0633113 424.517575026 1487.44612368 968.378141318
1321.48524991 -390.098333961 1471.06408765 392.906082338 1502.87891578 966.597014542
1313.61429891 -442.571340623 1475.74879466 361.674702255 1500.66983124 964.92101118
1308.24025962 -478.398269219 1456.31600853 340.705942306 1494.20172423 963.517764566
1305 -513.869714589 1459.0503147 319.892279648 1505.16027378 961.694409519
1305 -566.77914497 1486.63660988 289.089267498 1517.37498822 959.405356426
1305 -602.298344622 1465.92165632 268.60434431 1502.21675171 957.739293424
1305 -638.01103212 1468.86627774 248.167767183 1503.42939255 956.041700715
1305 -692.208885981 1497.36223923 217.585071783 1525.25543732 953.496518041
1305 -728.510901447 1476.59428963 197.120147107 1511.42531964 951.52426263
1305 -782.179847717 1504.06105687 167.448796563 1534.09581127 948.673693246
1305 -818.277177529 1482.59332439 147.557987553 1515.6618429 946.581405476
1305 -872.214276811 1510.90870648 118.108023548 1539.16529076 943.338836944
1305 -908.40416076 1489.66483219 98.3415949732 1523.46584643 940.990300086
1305 -944.32493688 1491.48837879 79.0058900529 1520.05069361 938.800269645
1305 -980.668684094 1495.71704812 59.1689347234 1525.32407974 936.423075698
1305 -1034.4816698 1519.85006059 31.3480287625 1541.85695667 932.572173338
1305 -1070.71906669 1501.83914746 11.8984620545 1530.16396602 930.064965047
1305 -1124.55060064 1527.42174341 -16.1039955758 1543.44926464 926.20294145
1305 -1160.6593539 1506.48729526 -34.6216166789 1543.09395427 923.246716118
1305 -1214.02745307 1531.94736455 -61.698643866 1545.28737818 918.850487294
1305 -1249.83621908 1513.16341137 -80.1547249178 1546.04200332 915.831986738
1305 -1285.64864175 1514.61497412 -98.1138816675 1546.87049301 912.518027944
1305 -1339.06957579 1540.42984601 -124.797943465 1548.13362357 907.465505719
1305 -1374.39414631 1519.52355785 -142.082421327 1548.95090278 904.196388892
1305 -1428.14997457 1545.48333813 -168.184676016 1550.2768387 898.892645187
1305 -1463.89880669 1526.27953948 -185.562728119 1551.17746884 895.290124634
1305 -1499.21657519 1527.66022218 -202.478129235 1552.10210937 891.591562505
1305 -1552.07715512 1552.07848092 -227.65049208 1553.42899233 886.284030694
1305 -1587.17572045 1533.47382208 -244.377378218 1554.40591653 882.37633388
1305 -1622.38067624 1534.27185849 -260.458605295 1555.3060371 878.775851595
1305 -1674.79832804 1559.20923616 -285.039905431 1556.8268894 872.692442385
1305 -1709.60820871 1539.64733775 -300.847962766 1557.85742 868.570319988
1336.8465248 -1726.86959879 1521.26948479 -308.826185549 1534.10612162 866.540668439
1337.69608338 -1743.79116544 1521.20241658 -316.32750206 1527.5612851 864.790313896
1305 -1796.0475823 1565.07273367 -339.959052384 1560.32690093 858.692396288
1305 -1882.07179379 1586.67621106 -377.841407091 1563.01069776 847.957208975
1305 -1916.12375571 1551.4634264 -392.855450615 1563.99569416 844.017223359
1305 -1967.86747308 1573.36582879 -415.284700122 1565.56103389 837.755864429
1305 -2001.78807134 1556.9900059 -430.264813663 1566.51338818 833.946447277
1305 -2053.25884789 1576.0590191 -451.592850285 1568.03837937 827.846482514
1305 -2086.97852528 1562.02559731 -466.418008687 1569.09494609 823.620215637
1305 -2137.48001527 1561.52071746 -487.423104315 1570.1659364 817.220468894
1305 -2170.68780959 1583.15735682 -501.476429209 1571.85391272 812.584349106
1305 -2203.24931906 1563.51274031 -514.881525334 1572.85162118 808.593515296
1305 -2252.22310374 1582.0190295 -535.689137133 1574.61404826 801.543806941
1305 -2284.20106102 1564.96916951 -549.676804938 1575.68212963 797.271481475
1305.15049604 -2314.1408626 1562.85932153 -562.820533549 1576.95379428 792.184822879
1305 -2355.91664615 1579.71516574 -582.706599845 1578.97018545 784.119258193
1330.55344953 -2375.69526633 1560.74128455 -595.003113667 1580.08635516 779.654579359
1363.49943842 -2382.29549096 1543.6496561 -600.462976107 1561.56794513 777.417684707
1331.51474374 -2401.68959347 1564.69530111 -614.341096551 1584.00766358 763.969345678
1349.03505418 -2414.0755718 1550.14431241 -622.398821515 1586.71150581 753.153976745
1371.72699613 -2417.38477335 1537.24597607 -625.297211942 1582.71844894 750.341820582
1367.03108751 -2422.57233834 1545.78407651 -631.610842544 1589.49165555 742.033377809
1380.42088217 -2422.40398548 1534.78011196 -633.522887328 1555.27835028 740.418063166
1390.48472108 -2418.21009704 1539.99363752 -637.520342336 1591.1929651 735.228139612
1399.93508607 -2410.23606261 1536.74710501 -640.219184338 1592.5325772 729.869691191
1406.31450112 -2399.71026217 1533.68735682 -641.694127066 1593.76896973 724.92412107
1400.92430958 -2391.34053834 1530.43808426 -641.869360768 1594.70987863 721.160485462
1416.68260499 -2376.66749634 1530.30503991 -641.991376732 1596.0741994 715.703202399
1409.98171624 -2364.67480985 1529.36067563 -641.735646983 1596.93444342 712.262226324
1411.8121496 -2351.94995 1529.12236085 -641.384591323 1589.69186083 709.578764248
1411.86886796 -2339.20240282 1526.9654167 -640.170758001 1598.57245226 705.710190963
1431.10383918 -2318.76086715 1522.92632831 -637.341289325 1600.08355469 699.665781252
1412.81077667 -2305.63655648 1520.70190098 -633.622049716 1601.43199605 694.272015804
1415.05414905 -2291.61489686 1518.74997691 -629.12204048 1602.90272191 688.389112369
1380.0 -2291.61489686 1530.0 -629.12204048 1527.90272191 688.389112369
1437.25568596 -2268.71262248 1508.53140614 -620.534602936 1605.59266328 677.629346885
1380.0 -2268.71262248 1530.0 -620.534602936 1530.59266328 677.629346885
1455 -2226.15418927 1473.69996691 -598.014589699 1613.52468732 645.901250729
1413.33143068 -2212.821617 1509.26688792 -589.721344867 1617.15116972 631.395321114
1380.0 -2212.821617 1530.0 -589.721344867 1542.15116972 631.395321114
1455 -2179.60051297 1455 -563.923808015 1628.00680044 587.972798243
1455 -2152.53718472 1455 -540.102544391 1638.64748057 545.410077723
1455 -2132.62779984 1455 -519.565260519 1646.84965794 512.601368246
1455 -2119.52439149 1455 -504.162375897 1650 488.67615212
1455 -2102.12536715 1455 -478.995533937 1650 450.639559537
1455 -2092.76141759 1455 -460.871258974 1650 423.139133783
1455 -2085.58498979 1455 -442.082118589 1650 396.015014541
1455 -2078.94535951 1455 -413.987494825 1650 348.405046421
1455 -2078.30890318 1455 -404.264136092 1650 332.382033935
1455 -2080.6190523 1455 -364.573678405 1650 269.10380817
1455 -2082.06809957 1455 -349.09889826 1650 236.819359502
1455 -2083.75711569 1455 -327.06425276 1650 221.546345512
1455 -2084.62091956 1455 -292.866260683 1589.85426147 220.952175053
1455 -2084.06419079 1455 -271.383554596 1500 228.630052247
1455 -2085.29724251 1455 -250.78887598 1500 236.150072865
1455 -2085.85138993 1455 -220.960765612 1500 247.183251477
1455 -2085.41360134 1455 -201.99817762 1534.7204464 248.794433621
1455 -2089.02741308 1455 -175.970096225 1500 255.695060721
1455 -2092.65328002 1455 -159.347097803 1582.15274937 255.408950746
1455 -2094.65632017 1455 -142.90386226 1650 251.463974741
1455 -2099.66042568 1455 -123.011742641 1562.60852357 251.959633798
1455 -2102.29473583 1455 -106.651285639 1567.77233322 252.248740469
1455 -2105.98298271 1455 -86.8044846166 1609.27477591 250.877749433
1455 -2110.93753949 1455 -74.9684558559 1641.21320976 248.229221043
1455 -2113.02385808 1455 -56.2886936417 1650 240.100335755
1455 -2112.72053292 1455 -43.8714587899 1650 231.043345106
1455 -2112.30279805 1455 -31.8123771884 1650 219.213443521
1455 -2111.89656456 1455 -13.7092941629 1650 201.167316836
1455 -2112.10344704 1455 -1.97945582149 1650 193.819776508
1455 -2114.06632854 1455 11.3117712276 1500 197.633692081
1455 -2115.13402269 1455 24.563040565 1500 207.54513565
1455 -2115.26481556 1455 31.0804322486 1500 212.725504247
1455 -2115.5995173 1455 37.6852183319 1500 217.325002482
1455 -2119.71490256 1455 63.4342246671 1500 231.044287181
1455 -2121.3688562 1455 72.554706245 1605.77738478 229.81319179
1455 -2123.44197481 1455 82.3028701379 1650 224.031850155
1455 -2124.55803989 1455 84.6628443938 1650 220.464371711
1455 -2128.2127987 1455 90.4252018473 1650 199.672747993
1455 -2132.56504351 1455 92.8628626969 1650 190.059704066
1455 -2138.98200181 1455 96.5189502372 1611.00861382 188.619359513
1455 -2143.70706748 1455 97.5680191401 1500 192.428338073
1455 -2147.0885238 1455 96.388760711 1500 198.051861292
1455 -2153.3471882 1455 94.0407676929 1500 203.165580059
1455 -2157.10290529 1455 91.1234175453 1553.53201714 204.024299374
1455 -2159.80910716 1455 90.265164094 1603.17823993 202.897169777
1455 -2168.53142848 1455 83.1135846778 1650 195.518066888
1455 -2173.54382626 1455 80.5169407165 1650 192.080281916
1455 -2181.97644203 1455 76.082493831 1530.64739404 193.854386154
1455 -2188.4193779 1455 71.9927793055 1535.41623254 195.437736853
1455 -2194.50891993 1455 69.1069246137 1567.02172744 195.756867755
1455 -2207.36928733 1455 63.9403788197 1584.70115844 195.368821417
1455 -2208.8175765 1455 61.3172443814 1650 190.950474313
1455 -2214.70293449 1455 55.1539476102 1648.93357168 187.993131446
1455 -2218.55728773 1455 52.9848566711 1633.00757201 185.672828566
1455 -2231.96574745 1455 43.5992325797 1650 180.713251623
1455 -2239.59790704 1455 39.5980625849 1500 186.849430117
1455 -2239.66195599 1455 37.9187505443 1500 191.876742792
1455 -2252.21019195 1455 32.3415290554 1650 185.602725217
1455 -2257.75626986 1455 31.8032445961 1638.21738688 183.074029742
1455 -2262.22050636 1455 27.8946016617 1649.48353411 180.094688378
1455 -2266.42029385 1455 24.4633963445 1531.78365562 181.823342153
1455 -2267.32169337 1455 22.5417405105 1500 184.967180205
1455 -2266.7168461 1455 18.4382244506 1548.58206296 186.023897687
1455 -2267.3214064 1455 17.1835345167 1589.83588156 185.430462425
1455 -2265.99177323 1455 18.4592235604 1586.30246189 184.978363949
1455 -2263.47324515 1455 16.961398827 1617.03392111 183.297007105
1455 -2261.81890392 1455 16.9096821162 1579.14275037 183.13129709
1455 -2259.06191759 1455 18.2228116017 1606.75306915 181.861174324
1455 -2256.35490992 1455 15.2539958706 1575.70793343 181.832856987
1455 -2255.69741722 1455 15.7602838995 1552.58012791 182.72965187
1455 -2256.40631112 1455 18.0942183797 1590.20395377 182.12149372
1455 -2258.03335097 1455 22.5475034245 1624.68842 180.13395692
1455 -2260.1426329 1455 25.6089532447 1592.89770288 179.418048804
1455 -2261.1053283 1455 26.9092769279 1576.80145369 179.345990657
1455 -2261.95303066 1455 28.4370180376 1604.94191913 178.148313892
1455 -2262.87804567 1455 29.5520377681 1609.62066369 176.763487344
1455 -2262.75086717 1455 31.7664840685 1562.37365621 177.268541096
1455 -2262.29759031 1455 34.2736418265 1582.15119344 176.982493358
1455 -2262.71150777 1455 36.6601324471 1593.45268697 176.24438588
1455 -2263.46968372 1455 39.527148265 1594.98195098 175.44510784
1455 -2264.5391179 1455 40.2772368459 1591.59459659 174.781323977
1455 -2265.30605212 1455 40.5963216908 1577.70327189 174.673193101
1455 -2264.29612561 1455 40.7544079445 1572.25822249 174.782864201
1455 -2264.13464082 1455 41.9282856243 1573.81800249 174.830144102
1455 -2265.00346422 1455 41.7457447182 1577.44534094 174.732330464
1455 -2264.27336781 1455 42.4625816309 1573.5404921 174.79071078
1455 -2264.12225672 1455 42.4037366193 1572.90433397 174.874537422
1455 -2264.52170778 1455 42.9021444153 1580.37663838 174.659471886
1455 -2264.75502336 1455 41.4043636228 1577.22679182 174.570400214
1455 -2264.48591875 1455 41.8693938477 1563.85915559 175.01603399
1455 -2265.01995954 1455 41.8499239925 1591.04153941 174.374372414
1455 -2263.8469064 1455 42.0906512625 1566.06302343 174.731851477
1455 -2263.23055409 1455 43.6888086136 1580.43241851 174.514554736
1455 -2263.47030494 1455 43.4657592901 1582.72068082 174.205727503
1455 -2263.80262244 1455 43.85566533 1580.38026291 173.990516987
1455 -2263.22773377 1455 44.2718732213 1586.9762932 173.511465259
1455 -2263.45828518 1455 43.8040889079 1586.87315581 173.036539027
1455 -2263.98332985 1455 43.6177058196 1570.30907949 173.224175847
1455 -2262.87779463 1455 43.1562951377 1566.96536152 173.545561386
1455 -2263.30163126 1455 45.9377701832 1584.04969112 173.183573741
1455 -2262.89187712 1455 45.6542227789 1577.51573944 173.082944164
1455 -2263.73121811 1455 45.238109634 1573.40271564 173.146835538
1455 -2263.67362424 1455 43.9326427744 1564.98690716 173.547359252
1455 -2263.44889032 1455 45.1066653011 1622.07957108 171.664176409
1455 -2263.05205919 1455 45.6184171357 1535.93985417 173.226582242
1455 -2262.89867275 1455 45.5176288753 1570.03368736 173.425234748
1455 -2262.80154392 1455 45.0469262746 1608.23976988 172.095643953
1455 -2263.02405919 1455 45.4081171171 1559.83276452 172.702333372
1455 -2263.7065611 1455 45.6318790201 1579.41766076 172.525626942
1455 -2263.70947971 1455 44.7692591266 1592.94718044 171.807739724
1455 -2263.39974824 1455 45.8547021614 1539.63424984 173.22236973
1455 -2262.79257874 1455 44.3016381507 1576.91378143 173.145818473
1455 -2263.05971609 1455 45.1256044289 1570.2083291 173.337485309
1455 -2262.43474007 1455 46.0114223563 1568.2425094 173.607784933
1455 -2262.90712563 1455 46.0703917262 1589.05971292 173.045396416
1455 -2262.93723757 1455 45.8951785612 1569.45677885 173.267125262
1455 -2263.80999105 1455 45.916880139 1587.48365958 172.767778879
1455 -2264.37899213 1455 46.4625254771 1584.11291792 172.403262162
1455 -2263.6326334 1455 45.1566866034 1558.35268125 173.069154912
1455 -2263.58263387 1455 46.3019256873 1637.81011227 170.556750421
1455 -2263.35029915 1455 46.6173806209 1578.43896722 170.419191733
1455 -2264.48644116 1455 45.615024202 1536.92086355 171.942357191
1455 -2264.07517128 1455 45.804983188 1571.21956305 172.093574669
1455 -2263.80324064 1455 44.7026236576 1588.82867838 171.540427533
1455 -2263.51940182 1455 45.0121635519 1572.66630674 171.789219727
1455 -2263.11486942 1455 44.5890517686 1566.71493422 171.965177895
1455 -2262.82393274 1455 45.1192283658 1559.20013587 172.59717246
1455 -2263.74270372 1455 45.2559913596 1617.25296056 170.907054037
1455 -2264.02066177 1455 45.0341367457 1568.23438275 171.177678727
1455 -2264.10438691 1455 45.6574339062 1567.22191731 171.488802035
1455 -2264.52573388 1455 45.0108496924 1578.72477051 171.339811214
1455 -2264.20044836 1455 45.2750901111 1564.44321424 171.762082645
1455 -2263.45464333 1455 44.6203735098 1565.94857769 172.124139537
1455 -2262.82328654 1455 45.1187172359 1566.51629884 172.463487584
1455 -2263.62031969 1455 45.035999053 1584.43813486 172.085962189
1455 -2263.96733718 1455 44.967505368 1581.87523653 171.810952728
1455 -2264.31550236 1455 44.4979663572 1584.50144966 171.430894742
1455 -2264.157662 1455 46.0949294463 1541.91706947 172.754211963
1455 -2263.42332084 1455 43.4359261848 1570.65448212 172.928032679
1455 -2263.33008674 1455 43.599996046 1562.62146788 173.423173963
1455 -2263.23582924 1455 44.0452366122 1600.67471968 172.396185176
1455 -2263.37098614 1455 43.7068160981 1573.13818049 172.470657956
1455 -2265.96811318 1455 44.9358965607 1604.23357075 171.301315126
1455 -2265.74737825 1455 44.6906945065 1570.88092192 171.46607825
1455 -2267.9557591 1455 41.5975795205 1509.10488112 174.101883005
1455 -2266.07766543 1455 43.0891875144 1595.2522352 173.291793596
1455 -2263.91102785 1455 43.6363422877 1617.79837746 171.579858498
1455 -2264.21400068 1455 43.582586139 1551.21683845 172.53118496
1455 -2264.32886088 1455 43.4575774289 1590.74352984 171.901443766
1455 -2263.98760217 1455 44.5734222897 1552.96388547 172.782888348
1455 -2263.73878017 1455 44.5146791519 1567.86033187 173.068475073
1455 -2263.89408589 1455 43.9871419437 1589.37201408 172.49359451
1455 -2264.33665895 1455 45.7936986161 1565.32373285 172.880645196
1455 -2263.80720007 1455 45.3772713373 1573.46630782 172.941992883
1455 -2264.11392667 1455 45.2155570638 1586.41800596 172.485272644
1455 -2263.66788211 1455 44.4241430755 1579.75062658 172.295247581
1455 -2263.30632697 1455 44.7527216814 1570.08672669 172.491778514
1455 -2263.48027391 1455 45.1043467569 1561.42089912 173.034942549
1455 -2264.15014282 1455 44.3635864277 1563.78796842 173.483423812
1455 -2263.83824392 1455 44.545249476 1611.34876695 172.029473134
1455 -2263.6584389 1455 44.0182177707 1548.99203419 173.069791767
1455 -2263.25575224 1455 44.8375153506 1602.62226973 171.964900977
1455 -2263.33118191 1455 44.0060480651 1573.54510974 172.023096588
1455 -2263.41318746 1455 44.3344316516 1564.9211454 172.426250772
1455 -2263.00929496 1455 44.3922186547 1558.50169741 173.086182875
1455 -2262.8032965 1455 43.9436697917 1580.24328891 172.876451319
1455 -2262.88800839 1455 44.3038990448 1569.37707487 173.101368324
1455 -2262.64738616 1455 44.3516289393 1569.18097969 173.334129136
1455 -2262.59829624 1455 44.1811010838 1578.94191491 173.17645254
1455 -2262.70930362 1455 44.3551142558 1583.7740392 172.850075101
1455 -2262.8990687 1455 44.181964605 1572.82337033 172.912556159
1455 -2262.93368495 1455 43.7405810702 1577.94484744 172.794762261
1455 -2263.61344601 1455 44.7698221242 1581.32536777 172.54174755
1455 -2263.64455364 1455 45.2746972825 1573.86481532 172.587154937
1455 -2263.29485749 1455 45.1581785387 1568.61362152 172.842610076
1455 -2263.29592444 1455 44.4939137911 1596.18098738 171.995370581
1455 -2263.02694399 1455 45.0941449 1550.13803139 172.989849326
1455 -2263.06175323 1455 44.6743456635 1576.44405483 172.932087132
1455 -2263.0029098 1455 44.7228281882 1574.05015726 172.970080842
1455 -2263.23073559 1455 44.5944206363 1575.82870012 172.015614508
1455 -2263.08690768 1455 44.4494455645 1593.04035523 172.215318628
1455 -2262.85899604 1455 44.1770706561 1559.85534992 172.821104631
1455 -2263.04216024 1455 44.6920388343 1572.89661875 172.905239881
1455 -2262.87094668 1455 44.7234073057 1572.99157333 172.985576948
1455 -2262.85999112 1455 44.7112904621 1575.02567878 172.984549797
1455 -2262.91685289 1455 44.7103636401 1575.7783355 172.953416377
1455 -2263.04306754 1455 44.4470219936 1593.39590704 172.217580095
1455 -2262.87319367 1455 44.1070810419 1558.75307467 172.867457108
1455 -2262.7565771 1455 44.2145151324 1574.04506999 172.905654308
1455 -2262.76686879 1455 44.2990731949 1588.52300895 172.36473395
1455 -2262.66394966 1455 43.9203346179 1557.31605165 173.072091884
1455 -2262.94083873 1455 45.1783925411 1574.19491898 173.104295125
1455 -2263.6077643 1455 45.3162033906 1595.15962791 172.297910008
1455 -2263.75612212 1455 45.3040251702 1578.3082404 172.165580392
1455 -2263.49435949 1455 45.2218925615 1562.14506439 172.679777816
1455 -2263.41324602 1455 45.2328308975 1573.46188718 172.741302329
1455 -2263.26652881 1455 45.2280357644 1573.90481619 172.785109681
1455 -2262.9704188 1455 45.1955363766 1571.12329576 172.940177851
1455 -2262.97612752 1455 45.2174632634 1575.46948866 172.921398304
1455 -2262.95189937 1455 45.2507150466 1574.4991348 172.941432913
1455 -2262.93561269 1455 45.2681905839 1575.65440732 172.91525662
1455 -2263.03441284 1455 44.7966969231 1577.574827 172.81226354
1455 -2262.89522383 1455 44.3912252273 1583.31215692 172.479777263
1455 -2262.58229776 1455 44.1520568293 1560.39619699 173.063929384
1455 -2262.63749728 1455 44.1819209093 1578.40630297 172.927677265
1455 -2262.46431503 1455 44.0875596766 1568.46732288 173.18898435
1455 -2262.51895185 1455 44.0611270899 1574.95788724 173.19066886
1455 -2262.45464326 1455 44.1308962541 1574.50194168 173.210591193
1455 -2262.51329402 1455 44.1592376552 1576.80728046 173.138299975
1455 -2262.84894487 1455 44.73931687 1576.2774725 173.087201075
1455 -2262.9160895 1455 44.7512601922 1576.97975919 173.008010707
1455 -2262.97767933 1455 44.7665575605 1574.62133693 173.023157229
1455 -2262.88397569 1455 44.7143639808 1571.28424649 173.17178737
1455 -2262.89415797 1455 44.7108010403 1577.96500051 173.053187349
1455 -2263.1805331 1455 44.7945492334 1581.61846932 172.788448577
1455 -2263.07974647 1455 44.7823148376 1571.89635818 172.912594249
1455 -2263.26581742 1455 44.60342191 1597.46187476 172.014119259
1455 -2263.31645832 1455 44.5690872349 1574.96096382 172.015680706
1455 -2263.36817162 1455 44.6064174918 1576.49502688 171.955879631
1455 -2263.40976244 1455 44.6063500435 1578.45522582 171.817670598
1455 -2263.46884758 1455 45.2694346985 1552.2293449 172.728496803
1455 -2263.47081429 1455 45.2034557236 1574.90887841 172.732141666
1455 -2263.38669824 1455 45.2658669937 1576.97050123 172.653321617
1455 -2263.13102401 1455 45.232748878 1569.07454515 172.890339811
1455 -2263.17818965 1455 45.2448640784 1576.61498341 172.825740475
1455 -2263.16867068 1455 45.2250186445 1574.0343533 172.864366343
1455 -2263.08026558 1455 45.205717609 1573.03857193 172.942823466
1455 -2262.94362221 1455 45.2372254787 1575.65521828 172.916614734
1455 -2262.92718634 1455 45.2236515398 1574.14598503 172.950775333
1455 -2262.88973492 1455 45.1957966844 1573.33738725 173.017279843
1455 -2262.98935878 1455 45.2198233864 1580.27739279 172.806184131
1455 -2262.94568942 1455 45.2316541898 1573.5181602 172.865457724
1455 -2262.98931622 1455 45.2203945544 1575.13596266 172.860019217
1455 -2263.00339981 1455 45.2083967321 1575.74372679 172.830270146
1455 -2263.00339981 1455 45.2083967321 1575.0 172.830270146
1455 -2262.79554832 1455 44.1629826921 1575.61932065 172.80549732
1455 -2262.99544507 1455 44.7450060881 1573.72691104 172.856420878
1455 -2262.98788013 1455 44.7259027556 1573.48453004 172.917039676
1455 -2262.99499087 1455 44.7432271379 1575.19345373 172.909301527
1455 -2263.00747174 1455 44.7656215196 1576.90015427 172.833295356
1455 -2263.0542285 1455 44.7334246785 1574.77388241 172.84234006
1455 -2263.15624637 1455 44.4578083181 1593.92104226 172.085498369
1455 -2263.25669621 1455 44.6003241225 1581.34378358 171.831747026
1455 -2263.29044883 1455 44.5430931701 1574.85036946 171.837732248
1455 -2263.3311177 1455 44.5499368982 1578.34999463 171.703732462
1455 -2263.32709264 1455 44.8364229364 1571.71239232 171.83523677
1455 -2263.24125923 1455 44.8314681376 1572.04970946 171.953248391
1455 -2263.0451297 1455 44.5438552322 1574.40457646 171.977065333
1455 -2263.01180063 1455 44.4551909127 1572.72543044 172.068048116
1455 -2262.86216506 1455 45.1158703682 1552.69523859 172.960238572
1455 -2262.81840066 1455 44.6912957132 1572.62039458 173.055422789
1455 -2262.82281406 1455 44.7315404893 1575.64819995 173.029494791
1455 -2262.82475314 1455 44.8496606973 1578.46149861 172.891034846
1455 -2262.869475 1455 44.8160755879 1574.7223605 172.902140426
1455 -2263.04119915 1455 44.7768579216 1601.77198449 171.831261046
1455 -2262.92350978 1455 44.4812825811 1561.12644517 172.38620324
1455 -2262.92751147 1455 44.6209556903 1582.80428346 172.074031901
1455 -2262.78543233 1455 44.4386137925 1564.21096947 172.505593123
1455 -2262.55485391 1455 44.1776543648 1559.91333135 173.109059869
1455 -2262.60448165 1455 44.141313974 1576.29404519 173.057298061
1455 -2263.07102126 1455 44.7112750892 1580.46569953 172.83867008
1455 -2263.06312366 1455 45.2338466597 1568.55700749 173.09638978
1455 -2263.19569877 1455 44.8110546081 1581.61841428 172.831653209
1455 -2263.39358751 1455 44.6132416136 1597.60410194 171.927489131
1455 -2263.48093026 1455 44.5966440428 1578.05866884 171.805142377
1455 -2263.42006543 1455 44.6038948409 1575.31640205 171.792486295
1455 -2263.31821934 1455 44.5911726244 1570.26176887 171.982015541
1455 -2263.21316678 1455 44.5870833753 1574.78255949 171.990713161
1455 -2263.26520967 1455 44.604408182 1574.99273671 171.991003693
1455 -2263.77040648 1455 44.9724729301 1572.5427996 172.089291709
1455 -2263.43870673 1455 44.5416036334 1576.39030774 172.0336794
1455 -2263.42336674 1455 44.5561380248 1574.47506309 172.054676876
1455 -2263.3378339 1455 44.5020569276 1576.84054484 171.981055082
1455 -2263.17672714 1455 44.5207767196 1567.74091572 172.271418453
1455 -2263.25745795 1455 44.7489029494 1579.83786719 172.077903766
1455 -2263.21922314 1455 44.6074815738 1565.30778384 172.465592412
1455 -2263.24305332 1455 44.5557779299 1573.43452634 172.528211358
1455 -2263.19228928 1455 44.7207431242 1579.89935758 172.332237055
1455 -2263.21352078 1455 44.5865765475 1569.31185823 172.559762726
1455 -2262.99969385 1455 45.2443826042 1563.74526108 173.009952283
1455 -2263.02437037 1455 45.220111611 1574.77309084 173.019028649
1455 -2263.03550834 1455 45.2126259488 1575.51214181 172.998542977
1455 -2262.99485025 1455 45.2843030747 1576.12518689 172.953535501
1455 -2262.99739398 1455 45.2410466154 1575.76344912 172.922997536
1455 -2263.04963742 1455 45.2016820667 1576.85853569 172.848656109
1455 -2263.13782866 1455 45.2560940455 1575.30086001 172.836621708
1455 -2263.14871782 1455 45.2756165366 1574.67076307 172.849791185
1455 -2263.12598301 1455 44.6886070202 1577.48326928 172.750460414
1455 -2263.4031685 1455 44.668842981 1602.01784056 171.669746792
1455 -2263.34612337 1455 44.7043749908 1573.84430132 171.715974739
1455 -2263.49882951 1455 44.8275793541 1580.13095986 171.510736345
1455 -2263.50857481 1455 44.826729992 1576.1116776 171.466269241
1455 -2263.48753935 1455 44.7878853736 1574.66690568 171.479593014
1455 -2263.47190087 1455 44.8128361258 1574.1872926 171.51210131
1455 -2263.3924386 1455 44.786425656 1570.38267345 171.696794372
1455 -2263.36569349 1455 44.5488084085 1569.01516379 171.93618782
1455 -2263.39985226 1455 44.7123845564 1580.73623939 171.706738244
1455 -2263.03485792 1455 44.7091909355 1567.60233222 172.002644956
